10 15
2.91 -1.04 3.85 -4.61 -1.48 2.32 2.81 2.11 1.93 -3.56 2.29 -1.77 -4.22 -3.65 -2.71
-4.07 3.76 -2.28 4.60 -3.03 1.99 0.01 0.72 2.95 -0.53 2.82 -4.91 -1.07 -2.33 1.28
2.56 -3.95 -1.80 2.67 1.33 -4.25 -2.53 3.34 0.51 -0.88 4.38 -0.29 4.69 2.82 -1.05
-3.98 -3.49 2.16 0.58 -0.31 -1.20 -1.67 2.55 3.63 1.33 4.03 0.31 -3.36 -3.37 3.70
4.98 -3.33 3.83 -2.24 1.17 -2.10 2.08 4.39 2.31 3.96 -0.39 -4.61 3.50 -3.92 -3.95
-4.76 -1.37 -0.06 -2.31 -0.16 1.81 -3.56 2.66 -1.38 -1.15 -4.05 -1.80 4.02 0.37 -4.24
2.05 1.62 -1.60 0.12 0.77 -4.47 0.09 -0.81 2.46 -1.58 4.73 2.81 -1.02 -2.19 -1.01
-0.55 4.37 -4.06 2.01 -0.33 0.41 4.59 -0.65 -1.24 -3.19 4.94 4.53 -2.37 -1.37 1.19
-1.87 -3.18 4.17 -0.90 2.53 -1.33 -3.83 2.52 -1.71 -0.35 0.29 -2.11 0.95 -2.64 3.97
-4.00 4.74 1.42 -0.02 1.08 1.97 0.38 1.53 -4.99 3.75 -2.87 4.07 2.31 3.28 -1.98
